100:100	78
100:12	11
100:16	17
100:17	13
100:18	12
100:19	13
100:23	11
100:24	14
100:26	16
100:28	33
100:29	13
100:3	12
100:30	33
100:35	13
100:43	14
100:44	14
100:45	11
100:46	20
100:47	12
100:48	19
100:50	12
100:55	14
100:57	11
100:58	22
100:59	12
100:64	12
100:66	15
100:7	13
100:70	12
100:71	12
100:77	27
100:78	17
100:79	13
100:83	20
100:84	18
100:86	20
100:88	15
100:89	13
100:90	14
100:95	12
100:97	17
100:99	15
10:1	12
10:10	249
10:11	13
10:15	11
10:16	17
10:17	12
10:18	38
10:19	13
10:23	13
10:24	16
10:26	25
10:28	52
10:29	14
10:3	36
10:30	98
10:32	13
10:33	19
10:36	16
10:37	11
10:39	11
10:44	31
10:45	17
10:46	19
10:47	22
10:48	17
10:49	12
10:50	13
10:52	59
10:55	16
10:56	29
10:57	29
10:58	32
10:6	34
10:60	11
10:62	15
10:63	14
10:68	16
10:71	34
10:73	12
10:74	16
10:76	20
10:77	26
10:78	12
10:79	34
10:8	37
10:81	12
10:82	11
10:83	46
10:84	14
10:89	17
10:90	11
10:94	11
10:95	16
10:96	13
10:97	64
11:10	13
11:11	198
11:18	20
11:28	27
11:3	16
11:30	74
11:33	11
11:36	11
11:44	21
11:47	14
11:48	12
11:52	40
11:56	12
11:57	21
11:58	12
11:6	18
11:71	28
11:77	16
11:79	16
11:8	38
11:83	36
11:97	34
12:1	20
12:100	11
12:12	546
12:15	12
12:16	58
12:17	23
12:18	127
12:19	24
12:23	23
12:24	32
12:25	49
12:26	29
12:27	13
12:28	210
12:29	25
12:3	29
12:30	299
12:31	19
12:32	33
12:33	33
12:35	20
12:36	28
12:39	12
12:44	103
12:45	55
12:46	81
12:47	136
12:48	48
12:5	20
12:50	63
12:52	30
12:54	31
12:55	57
12:56	17
12:57	79
12:58	178
12:6	16
12:60	15
12:62	17
12:63	40
12:66	12
12:68	18
12:71	27
12:73	60
12:76	99
12:77	140
12:78	71
12:79	107
12:8	58
12:80	19
12:81	30
12:82	22
12:83	180
12:84	36
12:88	16
12:89	29
12:90	215
12:91	11
12:95	17
12:96	20
12:97	79
12:99	13
13:13	125
13:18	13
13:28	32
13:30	45
13:33	12
13:58	24
13:77	15
13:8	11
13:83	11
14:14	118
14:16	12
14:17	11
14:18	14
14:25	11
14:27	11
14:28	36
14:30	49
14:32	17
14:33	19
14:35	11
14:36	13
14:44	11
14:48	12
14:5	11
14:57	12
14:58	30
14:68	11
14:76	17
14:77	21
14:8	18
14:81	21
14:83	20
15:10	11
15:12	12
15:15	290
15:16	16
15:17	17
15:18	41
15:19	12
15:23	12
15:24	18
15:26	16
15:27	12
15:28	65
15:29	12
15:3	14
15:30	143
15:31	19
15:33	15
15:35	15
15:36	13
15:44	32
15:45	14
15:46	32
15:47	30
15:48	25
15:49	15
15:5	12
15:50	13
15:55	23
15:57	21
15:58	54
15:61	17
15:62	13
15:71	12
15:73	16
15:76	25
15:77	49
15:78	27
15:79	17
15:8	23
15:81	14
15:83	53
15:84	14
15:89	14
15:90	21
15:92	11
15:94	15
15:95	11
15:97	23
16:1	55
16:10	17
16:100	17
16:12	58
16:14	12
16:15	16
16:16	2699
16:17	199
16:18	466
16:19	33
16:21	19
16:23	37
16:24	217
16:25	44
16:26	175
16:27	19
16:28	1008
16:29	33
16:3	60
16:30	1243
16:31	21
16:32	75
16:33	289
16:35	73
16:36	44
16:37	27
16:38	20
16:39	21
16:40	12
16:41	28
16:42	11
16:43	19
16:44	337
16:45	105
16:46	279
16:47	114
16:48	271
16:49	15
16:5	42
16:50	35
16:52	86
16:53	16
16:54	11
16:55	316
16:56	26
16:57	211
16:58	1373
16:59	12
16:6	31
16:60	18
16:61	13
16:62	16
16:63	22
16:64	13
16:65	11
16:66	30
16:67	63
16:68	115
16:69	11
16:7	22
16:70	19
16:71	34
16:72	15
16:73	73
16:74	25
16:75	15
16:76	143
16:77	1111
16:78	369
16:79	148
16:8	255
16:80	31
16:81	48
16:82	18
16:83	577
16:84	140
16:85	23
16:86	19
16:87	11
16:88	102
16:89	91
16:9	28
16:90	57
16:91	29
16:92	18
16:93	16
16:94	20
16:95	33
16:96	28
16:97	103
16:99	11
17:1	36
17:10	12
17:100	13
17:12	23
17:14	11
17:15	17
17:16	199
17:17	7108
17:18	187
17:19	45
17:2	15
17:20	11
17:21	25
17:22	24
17:23	39
17:24	89
17:25	36
17:26	874
17:27	22
17:28	1182
17:29	60
17:3	38
17:30	3261
17:31	15
17:32	166
17:33	90
17:35	64
17:36	40
17:37	21
17:38	19
17:39	16
17:4	11
17:40	74
17:41	18
17:43	11
17:44	224
17:45	88
17:46	135
17:47	85
17:48	137
17:49	11
17:5	72
17:50	25
17:52	68
17:53	30
17:55	157
17:56	48
17:57	61
17:58	925
17:59	22
17:6	20
17:60	11
17:61	13
17:63	20
17:64	20
17:65	15
17:66	16
17:67	30
17:68	51
17:69	16
17:7	13
17:70	14
17:71	26
17:73	61
17:74	25
17:76	134
17:77	729
17:78	190
17:79	64
17:8	342
17:80	16
17:81	37
17:82	18
17:83	474
17:84	78
17:85	12
17:86	22
17:88	31
17:89	125
17:9	12
17:90	38
17:91	62
17:92	18
17:93	13
17:94	22
17:95	16
17:96	19
17:97	123
18:1	83
18:10	38
18:100	12
18:11	20
18:12	127
18:13	13
18:14	14
18:15	41
18:16	466
18:17	187
18:18	10722
18:19	69
18:2	14
18:20	11
18:21	46
18:22	18
18:23	62
18:24	223
18:25	175
18:26	257
18:27	36
18:28	2802
18:29	101
18:3	355
18:30	5886
18:31	35
18:32	197
18:33	580
18:35	86
18:36	148
18:37	39
18:38	59
18:39	53
18:4	16
18:40	22
18:41	20
18:42	21
18:43	24
18:44	1692
18:45	431
18:46	862
18:47	469
18:48	365
18:49	34
18:5	68
18:50	77
18:52	539
18:53	22
18:54	26
18:55	540
18:56	190
18:57	1123
18:58	2227
18:59	17
18:6	147
18:60	38
18:61	21
18:62	32
18:63	45
18:64	12
18:65	22
18:66	20
18:67	55
18:68	176
18:7	16
18:70	29
18:71	219
18:72	26
18:73	99
18:74	46
18:75	36
18:76	394
18:77	1742
18:78	611
18:79	588
18:8	1253
18:80	51
18:81	156
18:82	29
18:83	2707
18:84	292
18:85	22
18:86	22
18:87	16
18:88	95
18:89	105
18:9	21
18:90	118
18:91	32
18:92	14
18:93	27
18:94	40
18:95	100
18:96	49
18:97	1202
18:98	15
18:99	19
19:1	20
19:10	13
19:100	13
19:12	24
19:15	12
19:16	33
19:17	45
19:18	69
19:19	539
19:21	19
19:23	17
19:24	29
19:25	18
19:26	44
19:27	15
19:28	118
19:29	29
19:3	30
19:30	301
19:31	18
19:32	28
19:33	18
19:35	23
19:36	26
19:38	11
19:39	14
19:41	13
19:44	88
19:45	43
19:46	33
19:47	55
19:48	34
19:5	16
19:50	28
19:52	24
19:55	50
19:56	15
19:57	43
19:58	105
19:6	14
19:60	13
19:62	11
19:63	23
19:64	11
19:66	12
19:67	12
19:68	17
19:7	14
19:71	24
19:73	28
19:76	33
19:77	93
19:78	40
19:79	34
19:8	41
19:80	12
19:81	25
19:82	13
19:83	133
19:84	38
19:88	14
19:89	35
19:9	11
19:90	32
19:91	11
19:95	15
19:96	23
19:97	58
1:1	547
1:10	12
1:12	20
1:16	55
1:17	36
1:18	83
1:19	20
1:20	11
1:21	11
1:23	24
1:24	31
1:25	18
1:26	33
1:27	17
1:28	223
1:29	12
1:3	16
1:30	237
1:32	29
1:33	43
1:35	30
1:36	25
1:37	12
1:38	11
1:44	55
1:45	20
1:46	34
1:47	30
1:48	63
1:49	13
1:5	26
1:50	17
1:52	35
1:55	35
1:56	12
1:57	50
1:58	163
1:6	14
1:62	21
1:63	12
1:67	14
1:68	30
1:71	21
1:73	29
1:76	47
1:77	132
1:78	45
1:79	33
1:8	56
1:80	11
1:81	45
1:82	11
1:83	101
1:84	42
1:88	21
1:89	22
1:90	30
1:91	14
1:94	11
1:95	12
1:96	30
1:97	34
20:1	11
20:17	11
20:18	11
20:20	116
20:24	11
20:26	12
20:27	11
20:28	32
20:30	52
20:36	13
20:48	11
20:52	13
20:56	11
20:58	14
20:63	12
20:68	14
20:71	13
20:76	13
20:77	21
20:8	11
20:83	12
20:84	14
20:97	20
21:1	11
21:16	19
21:17	25
21:18	46
21:19	19
21:21	218
21:24	18
21:25	11
21:26	23
21:28	56
21:29	19
21:3	19
21:30	144
21:32	14
21:33	12
21:35	12
21:36	17
21:44	51
21:45	28
21:46	16
21:47	20
21:48	13
21:52	27
21:55	17
21:57	28
21:58	43
21:71	17
21:76	14
21:77	37
21:78	18
21:79	17
21:8	37
21:83	70
21:84	14
21:89	12
21:90	13
21:95	18
21:97	47
22:17	24
22:18	18
22:22	203
22:26	42
22:28	42
22:3	11
22:30	134
22:33	11
22:44	20
22:45	11
22:46	11
22:47	12
22:52	20
22:55	15
22:56	13
22:58	16
22:77	25
22:79	12
22:8	30
22:83	35
22:84	12
22:89	14
22:97	32
23:1	24
23:10	13
23:100	11
23:12	23
23:15	12
23:16	37
23:17	39
23:18	62
23:19	17
23:2	12
23:23	615
23:24	39
23:25	18
23:26	46
23:27	52
23:28	356
23:29	19
23:3	21
23:30	340
23:31	16
23:32	48
23:33	43
23:35	65
23:36	27
23:43	11
23:44	64
23:45	38
23:46	78
23:47	31
23:48	104
23:5	23
23:50	14
23:52	26
23:55	42
23:56	16
23:57	38
23:58	141
23:6	13
23:60	11
23:61	13
23:68	33
23:69	13
23:7	11
23:71	18
23:72	11
23:73	30
23:76	92
23:77	143
23:78	61
23:79	26
23:8	40
23:81	23
23:83	96
23:84	82
23:88	21
23:89	24
23:90	21
23:91	21
23:92	13
23:94	13
23:95	13
23:96	21
23:97	37
24:1	31
24:10	16
24:100	14
24:12	32
24:15	18
24:16	217
24:17	89
24:18	223
24:19	29
24:20	11
24:21	18
24:23	39
24:24	1333
24:25	26
24:26	132
24:27	23
24:28	473
24:29	36
24:3	43
24:30	659
24:31	25
24:32	54
24:33	136
24:35	52
24:36	34
24:37	20
24:38	35
24:39	27
24:40	13
24:41	35
24:42	11
24:43	12
24:44	184
24:45	93
24:46	140
24:47	77
24:48	123
24:49	16
24:5	48
24:50	32
24:52	56
24:53	24
24:54	18
24:55	136
24:56	25
24:57	88
24:58	417
24:6	36
24:60	16
24:61	13
24:63	20
24:64	13
24:65	18
24:66	17
24:67	45
24:68	51
24:69	14
24:7	14
24:70	11
24:71	23
24:72	13
24:73	41
24:74	14
24:75	17
24:76	106
24:77	458
24:78	154
24:79	94
24:8	106
24:80	25
24:81	32
24:82	18
24:83	386
24:84	109
24:86	15
24:87	12
24:88	33
24:89	49
24:9	26
24:90	43
24:91	26
24:92	22
24:93	20
24:94	15
24:95	36
24:96	21
24:97	56
25:1	18
25:12	49
25:14	11
25:16	44
25:17	36
25:18	175
25:19	18
25:21	11
25:23	18
25:24	26
25:25	1207
25:26	39
25:27	17
25:28	214
25:29	20
25:3	55
25:30	595
25:32	35
25:33	51
25:35	19
25:36	59
25:37	18
25:38	12
25:39	12
25:44	133
25:45	48
25:46	47
25:47	97
25:48	56
25:5	15
25:50	35
25:52	52
25:54	15
25:55	41
25:56	30
25:57	127
25:58	174
25:6	15
25:62	24
25:63	18
25:68	33
25:71	48
25:73	35
25:74	13
25:76	101
25:77	105
25:78	35
25:79	87
25:8	110
25:80	16
25:81	28
25:82	16
25:83	261
25:84	30
25:88	20
25:89	28
25:90	48
25:91	15
25:95	22
25:96	15
25:97	209
25:99	11
26:1	33
26:10	25
26:100	16
26:12	29
26:15	16
26:16	175
26:17	874
26:18	257
26:19	44
26:2	12
26:20	12
26:21	23
26:22	42
26:23	46
26:24	132
26:25	39
26:26	5861
26:27	28
26:28	1307
26:29	92
26:3	64
26:30	3417
26:31	15
26:32	111
26:33	127
26:35	68
26:36	40
26:37	25
26:38	18
26:39	16
26:4	13
26:40	37
26:41	23
26:42	16
26:43	12
26:44	269
26:45	96
26:46	209
26:47	100
26:48	189
26:49	15
26:5	83
26:50	34
26:52	148
26:53	25
26:55	232
26:56	114
26:57	75
26:58	756
26:59	20
26:6	41
26:60	23
26:61	18
26:63	18
26:64	24
26:65	12
26:66	17
26:67	32
26:68	56
26:69	19
26:7	15
26:70	20
26:71	45
26:73	46
26:74	30
26:75	18
26:76	130
26:77	780
26:78	254
26:79	109
26:8	342
26:80	26
26:81	39
26:82	18
26:83	545
26:84	164
26:85	13
26:86	33
26:88	28
26:89	124
26:9	13
26:90	36
26:91	61
26:92	18
26:93	13
26:94	19
26:95	19
26:96	21
26:97	179
26:99	11
27:1	17
27:12	13
27:14	11
27:15	12
27:16	19
27:17	22
27:18	36
27:19	15
27:2	12
27:20	11
27:23	52
27:24	23
27:25	17
27:26	28
27:27	273
27:28	151
27:29	14
27:3	16
27:30	141
27:32	34
27:33	32
27:35	27
27:36	24
27:37	13
27:44	30
27:45	21
27:46	29
27:47	18
27:48	48
27:49	11
27:5	22
27:50	12
27:52	15
27:55	25
27:56	13
27:57	18
27:58	74
27:6	11
27:63	12
27:68	28
27:69	14
27:71	17
27:73	17
27:76	56
27:77	71
27:78	20
27:79	16
27:8	32
27:81	15
27:83	48
27:84	43
27:88	18
27:89	15
27:90	15
27:91	18
27:92	12
27:96	16
27:97	25
28:1	223
28:10	52
28:100	33
28:11	27
28:12	210
28:13	32
28:14	36
28:15	65
28:16	1008
28:17	1182
28:18	2802
28:19	118
28:2	23
28:20	32
28:21	56
28:22	42
28:23	356
28:24	473
28:25	214
28:26	1307
28:27	151
28:28	39752
28:29	147
28:3	312
28:30	21350
28:31	69
28:32	695
28:33	1494
28:34	25
28:35	525
28:36	205
28:37	62
28:38	114
28:39	117
28:4	46
28:40	113
28:41	34
28:42	34
28:43	43
28:44	2410
28:45	934
28:46	2162
28:47	570
28:48	1726
28:49	47
28:5	246
28:50	99
28:51	41
28:52	545
28:53	44
28:54	40
28:55	739
28:56	226
28:57	819
28:58	7187
28:59	49
28:6	147
28:60	54
28:61	43
28:62	49
28:63	51
28:64	27
28:65	32
28:66	42
28:67	109
28:68	740
28:69	37
28:7	23
28:70	75
28:71	242
28:72	29
28:73	331
28:74	69
28:75	44
28:76	1238
28:77	5053
28:78	1870
28:79	547
28:8	1982
28:80	44
28:81	285
28:82	23
28:83	4502
28:84	1516
28:85	66
28:86	50
28:87	12
28:88	308
28:89	216
28:9	24
28:90	238
28:91	150
28:92	43
28:93	35
28:94	75
28:95	150
28:96	121
28:97	1561
28:99	31
29:1	12
29:10	14
29:100	13
29:12	25
29:15	12
29:16	33
29:17	60
29:18	101
29:19	29
29:21	19
29:23	19
29:24	36
29:25	20
29:26	92
29:27	14
29:28	147
29:29	523
29:3	36
29:30	312
29:31	15
29:32	21
29:33	26
29:35	16
29:36	22
29:39	14
29:41	11
29:43	11
29:44	101
29:45	38
29:46	50
29:47	47
29:48	49
29:5	19
29:50	26
29:52	54
29:55	52
29:56	29
29:57	56
29:58	107
29:6	24
29:60	12
29:61	11
29:63	15
29:66	12
29:67	15
29:68	25
29:7	13
29:71	36
29:73	15
29:75	11
29:76	41
29:77	86
29:78	48
29:79	42
29:8	61
29:80	16
29:81	20
29:83	157
29:84	38
29:86	13
29:88	17
29:89	33
29:90	34
29:91	13
29:94	11
29:95	23
29:96	17
29:97	68
2:17	15
2:18	14
2:2	145
2:23	12
2:26	12
2:27	12
2:28	23
2:30	43
2:32	14
2:33	15
2:36	14
2:44	13
2:47	11
2:48	15
2:5	20
2:52	13
2:58	17
2:68	12
2:69	13
2:71	11
2:76	12
2:77	24
2:79	11
2:8	19
2:83	16
2:88	14
2:89	12
2:91	12
2:92	11
2:97	14
30:1	237
30:10	98
30:100	33
30:11	74
30:12	299
30:13	45
30:14	49
30:15	143
30:16	1243
30:17	3261
30:18	5886
30:19	301
30:2	43
30:20	52
30:21	144
30:22	134
30:23	340
30:24	659
30:25	595
30:26	3417
30:27	141
30:28	21350
30:29	312
30:3	1006
30:30	118413
30:31	98
30:32	1226
30:33	2112
30:34	46
30:35	463
30:36	453
30:37	104
30:38	241
30:39	242
30:4	66
30:40	294
30:41	43
30:42	78
30:43	42
30:44	5385
30:45	1835
30:46	3116
30:47	1249
30:48	1642
30:49	56
30:5	384
30:50	173
30:51	43
30:52	1914
30:53	60
30:54	78
30:55	1414
30:56	777
30:57	1678
30:58	9703
30:59	90
30:6	370
30:60	103
30:61	73
30:62	123
30:63	95
30:64	48
30:65	80
30:66	50
30:67	126
30:68	723
30:69	47
30:7	26
30:70	126
30:71	712
30:72	62
30:73	405
30:74	172
30:75	122
30:76	1816
30:77	7455
30:78	2643
30:79	1286
30:8	6348
30:80	115
30:81	535
30:82	58
30:83	11496
30:84	1298
30:85	66
30:86	66
30:87	32
30:88	262
30:89	452
30:9	35
30:90	362
30:91	212
30:92	61
30:93	59
30:94	132
30:95	318
30:96	205
30:97	5832
30:98	32
30:99	56
31:12	19
31:15	19
31:16	21
31:17	15
31:18	35
31:19	18
31:23	16
31:24	25
31:26	15
31:28	69
31:29	15
31:3	19
31:30	98
31:31	221
31:33	17
31:35	12
31:44	33
31:45	18
31:46	44
31:47	30
31:48	27
31:49	13
31:5	13
31:50	14
31:52	12
31:55	23
31:57	25
31:58	59
31:6	11
31:61	19
31:67	12
31:68	13
31:71	15
31:76	19
31:77	59
31:78	36
31:79	19
31:8	24
31:81	11
31:83	65
31:84	20
31:88	13
31:89	23
31:90	18
31:94	14
31:95	12
31:97	15
32:1	29
32:10	13
32:12	33
32:14	17
32:16	75
32:17	166
32:18	197
32:19	28
32:2	14
32:21	14
32:23	48
32:24	54
32:25	35
32:26	111
32:27	34
32:28	695
32:29	21
32:3	26
32:30	1226
32:32	1854
32:33	81
32:35	58
32:36	40
32:37	12
32:39	13
32:40	22
32:42	11
32:44	202
32:45	74
32:46	69
32:47	72
32:48	108
32:5	41
32:50	20
32:52	53
32:53	13
32:55	69
32:56	29
32:57	51
32:58	495
32:6	18
32:63	16
32:67	13
32:68	52
32:69	14
32:71	31
32:73	78
32:76	223
32:77	311
32:78	92
32:79	55
32:8	117
32:81	37
32:82	12
32:83	375
32:84	58
32:88	23
32:89	28
32:90	36
32:91	31
32:92	12
32:95	14
32:96	23
32:97	70
33:1	43
33:10	19
33:11	11
33:12	33
33:13	12
33:14	19
33:15	15
33:16	289
33:17	90
33:18	580
33:19	18
33:2	15
33:21	12
33:22	11
33:23	43
33:24	136
33:25	51
33:26	127
33:27	32
33:28	1494
33:29	26
33:3	64
33:30	2112
33:31	17
33:32	81
33:33	6890
33:35	52
33:36	46
33:37	38
33:38	14
33:39	14
33:4	13
33:41	13
33:43	21
33:44	238
33:45	71
33:46	203
33:47	115
33:48	399
33:49	43
33:5	162
33:50	14
33:52	309
33:53	13
33:54	12
33:55	113
33:56	65
33:57	228
33:58	961
33:59	12
33:6	97
33:60	14
33:62	19
33:63	17
33:66	16
33:67	29
33:68	555
33:69	27
33:7	15
33:70	20
33:71	64
33:73	39
33:74	34
33:75	18
33:76	279
33:77	774
33:78	224
33:79	266
33:8	629
33:80	18
33:81	59
33:83	348
33:84	303
33:85	45
33:86	14
33:88	170
33:89	34
33:9	30
33:90	33
33:91	67
33:92	36
33:93	33
33:94	20
33:95	23
33:96	26
33:97	152
34:28	25
34:30	46
34:34	108
34:77	13
34:8	18
34:83	14
34:97	12
35:1	30
35:100	13
35:12	20
35:14	11
35:15	15
35:16	73
35:17	64
35:18	86
35:19	23
35:21	12
35:23	65
35:24	52
35:25	19
35:26	68
35:27	27
35:28	525
35:29	16
35:3	21
35:30	463
35:31	12
35:32	58
35:33	52
35:35	839
35:36	24
35:41	12
35:44	96
35:45	49
35:46	87
35:47	34
35:48	126
35:5	22
35:50	17
35:52	24
35:53	18
35:55	48
35:56	15
35:57	36
35:58	321
35:6	11
35:61	12
35:66	16
35:67	18
35:68	50
35:69	15
35:7	12
35:70	12
35:71	21
35:73	36
35:75	14
35:76	79
35:77	244
35:78	97
35:79	19
35:8	69
35:81	24
35:83	148
35:84	119
35:88	38
35:89	27
35:90	28
35:91	21
35:92	11
35:95	13
35:96	15
35:97	42
36:1	25
36:10	16
36:11	11
36:12	28
36:14	13
36:15	13
36:16	44
36:17	40
36:18	148
36:19	26
36:2	14
36:20	13
36:21	17
36:23	27
36:24	34
36:25	59
36:26	40
36:27	24
36:28	205
36:29	22
36:3	43
36:30	453
36:32	40
36:33	46
36:35	24
36:36	939
36:37	13
36:38	16
36:39	22
36:40	11
36:44	91
36:45	45
36:46	46
36:47	64
36:48	57
36:49	15
36:5	22
36:50	21
36:52	44
36:54	11
36:55	58
36:56	26
36:57	77
36:58	177
36:59	13
36:6	26
36:60	28
36:62	16
36:63	17
36:65	11
36:66	19
36:67	12
36:68	37
36:69	13
36:70	12
36:71	29
36:73	26
36:74	14
36:75	16
36:76	62
36:77	107
36:78	43
36:79	42
36:8	81
36:81	21
36:82	13
36:83	160
36:84	32
36:88	24
36:89	28
36:90	29
36:91	17
36:92	12
36:94	12
36:95	23
36:96	22
36:97	116
36:99	11
37:1	12
37:10	11
37:16	27
37:17	21
37:18	39
37:24	20
37:25	18
37:26	25
37:27	13
37:28	62
37:3	17
37:30	104
37:32	12
37:33	38
37:36	13
37:37	281
37:44	25
37:46	15
37:47	18
37:48	27
37:5	20
37:50	12
37:52	22
37:55	18
37:56	18
37:57	31
37:58	52
37:59	13
37:6	13
37:62	12
37:63	13
37:68	25
37:71	16
37:73	14
37:74	18
37:76	17
37:77	45
37:78	13
37:79	22
37:8	39
37:83	44
37:84	24
37:86	11
37:88	21
37:89	15
37:91	11
37:97	31
38:1	11
38:16	20
38:17	19
38:18	59
38:19	11
38:24	35
38:25	12
38:26	18
38:28	114
38:3	24
38:30	241
38:33	14
38:36	16
38:38	802
38:39	244
38:44	48
38:45	62
38:46	37
38:47	20
38:48	29
38:52	20
38:55	15
38:56	65
38:57	29
38:58	67
38:6	21
38:61	17
38:65	120
38:68	12
38:71	13
38:76	36
38:77	73
38:78	16
38:79	12
38:8	53
38:81	13
38:83	142
38:84	23
38:95	231
38:97	49
39:10	11
39:12	12
39:16	21
39:17	16
39:18	53
39:19	14
39:24	27
39:25	12
39:26	16
39:28	117
39:29	14
39:3	34
39:30	242
39:32	13
39:33	14
39:36	22
39:38	244
39:39	752
39:44	55
39:45	77
39:46	51
39:47	28
39:48	30
39:50	13
39:52	25
39:55	18
39:56	48
39:57	34
39:58	75
39:6	20
39:60	12
39:61	21
39:65	87
39:71	16
39:76	30
39:77	80
39:78	27
39:79	15
39:8	64
39:81	16
39:83	148
39:84	29
39:88	12
39:89	19
39:90	11
39:91	11
39:95	288
39:96	13
39:97	56
3:1	16
3:10	36
3:100	12
3:11	16
3:12	29
3:15	14
3:16	60
3:17	38
3:18	355
3:19	30
3:21	19
3:22	11
3:23	21
3:24	43
3:25	55
3:26	64
3:27	16
3:28	312
3:29	36
3:3	2012
3:30	1006
3:31	19
3:32	26
3:33	64
3:35	21
3:36	43
3:37	17
3:38	24
3:39	34
3:4	11
3:41	12
3:42	13
3:44	227
3:45	58
3:46	75
3:47	131
3:48	57
3:49	11
3:5	26
3:50	31
3:52	195
3:53	11
3:54	15
3:55	68
3:56	145
3:57	215
3:58	151
3:59	12
3:6	56
3:60	26
3:62	17
3:63	22
3:65	13
3:67	13
3:68	37
3:69	11
3:7	11
3:70	16
3:71	128
3:72	24
3:73	20
3:74	35
3:75	17
3:76	66
3:77	156
3:78	69
3:79	189
3:8	259
3:80	32
3:81	27
3:82	17
3:83	408
3:84	49
3:87	19
3:88	21
3:89	36
3:90	34
3:91	14
3:95	65
3:96	21
3:97	678
3:98	11
3:99	15
40:16	12
40:17	74
40:18	22
40:24	13
40:26	37
40:28	113
40:30	294
40:32	22
40:36	11
40:40	491
40:44	40
40:45	30
40:46	13
40:48	15
40:5	11
40:52	13
40:55	14
40:58	62
40:76	18
40:77	42
40:78	20
40:8	35
40:83	48
40:97	29
41:16	28
41:17	18
41:18	20
41:19	13
41:24	35
41:26	23
41:28	34
41:29	11
41:3	12
41:30	43
41:33	13
41:35	12
41:41	93
41:44	12
41:45	11
41:46	23
41:47	19
41:48	20
41:52	11
41:55	14
41:57	17
41:58	36
41:64	11
41:67	15
41:7	11
41:71	11
41:77	40
41:78	23
41:79	14
41:8	16
41:83	33
41:84	14
41:88	13
41:89	17
41:9	12
41:90	12
41:95	13
41:97	14
42:16	11
42:18	21
42:24	11
42:26	16
42:28	34
42:3	13
42:30	78
42:32	11
42:42	128
42:44	27
42:45	19
42:47	12
42:48	12
42:52	24
42:55	12
42:56	14
42:57	15
42:58	21
42:77	17
42:78	12
42:8	25
42:83	28
42:97	33
43:100	14
43:16	19
43:17	11
43:18	24
43:23	11
43:24	12
43:26	12
43:28	43
43:29	11
43:30	42
43:33	21
43:43	105
43:44	13
43:45	11
43:46	22
43:47	16
43:48	20
43:50	13
43:55	15
43:57	14
43:58	27
43:7	11
43:76	12
43:77	34
43:78	23
43:8	12
43:83	23
43:84	26
43:86	12
43:88	30
43:89	14
44:1	55
44:10	31
44:100	14
44:11	21
44:12	103
44:14	11
44:15	32
44:16	337
44:17	224
44:18	1692
44:19	88
44:2	13
44:21	51
44:22	20
44:23	64
44:24	184
44:25	133
44:26	269
44:27	30
44:28	2410
44:29	101
44:3	227
44:30	5385
44:31	33
44:32	202
44:33	238
44:35	96
44:36	91
44:37	25
44:38	48
44:39	55
44:4	18
44:40	40
44:41	12
44:42	27
44:43	13
44:44	8501
44:45	612
44:46	733
44:47	341
44:48	241
44:49	16
44:5	45
44:50	71
44:51	15
44:52	293
44:53	15
44:54	28
44:55	416
44:56	111
44:57	519
44:58	1795
44:59	13
44:6	89
44:60	23
44:61	19
44:62	27
44:63	44
44:64	14
44:65	24
44:66	17
44:67	33
44:68	78
44:69	11
44:7	12
44:70	18
44:71	151
44:72	15
44:73	105
44:74	34
44:75	45
44:76	394
44:77	1494
44:78	571
44:79	282
44:8	831
44:80	45
44:81	108
44:82	26
44:83	2684
44:84	209
44:86	14
44:87	17
44:88	40
44:89	108
44:9	11
44:90	118
44:91	20
44:92	14
44:93	16
44:94	19
44:95	88
44:96	51
44:97	981
44:99	15
45:1	20
45:10	17
45:100	11
45:12	55
45:15	14
45:16	105
45:17	88
45:18	431
45:19	43
45:21	28
45:22	11
45:23	38
45:24	93
45:25	48
45:26	96
45:27	21
45:28	934
45:29	38
45:3	58
45:30	1835
45:31	18
45:32	74
45:33	71
45:35	49
45:36	45
45:38	62
45:39	77
45:40	30
45:41	11
45:42	19
45:43	11
45:44	612
45:45	2619
45:46	315
45:47	106
45:48	111
45:5	23
45:50	34
45:52	62
45:54	17
45:55	195
45:56	32
45:57	158
45:58	648
45:6	25
45:60	14
45:61	19
45:62	13
45:63	15
45:64	12
45:65	24
45:66	11
45:67	17
45:68	28
45:7	12
45:70	13
45:71	42
45:73	37
45:74	12
45:75	27
45:76	170
45:77	585
45:78	290
45:79	63
45:8	212
45:80	20
45:81	40
45:82	13
45:83	764
45:84	104
45:86	11
45:87	11
45:88	23
45:89	51
45:90	51
45:91	18
45:92	11
45:94	13
45:95	103
45:96	20
45:97	286
45:99	13
46:1	34
46:10	19
46:100	20
46:12	81
46:15	32
46:16	279
46:17	135
46:18	862
46:19	33
46:21	16
46:22	11
46:23	78
46:24	140
46:25	47
46:26	209
46:27	29
46:28	2162
46:29	50
46:3	75
46:30	3116
46:31	44
46:32	69
46:33	203
46:35	87
46:36	46
46:37	15
46:38	37
46:39	51
46:40	13
46:41	23
46:43	22
46:44	733
46:45	315
46:46	6558
46:47	219
46:48	332
46:49	16
46:5	36
46:50	45
46:51	15
46:52	149
46:54	15
46:55	347
46:56	43
46:57	315
46:58	1583
46:6	43
46:60	27
46:61	27
46:62	21
46:63	17
46:64	11
46:65	13
46:66	20
46:67	32
46:68	55
46:69	12
46:7	18
46:70	17
46:71	48
46:72	11
46:73	59
46:74	12
46:75	22
46:76	210
46:77	1408
46:78	1624
46:79	218
46:8	356
46:80	20
46:81	110
46:83	1579
46:84	308
46:86	18
46:88	44
46:89	106
46:90	83
46:91	23
46:93	11
46:94	27
46:95	59
46:96	56
46:97	302
46:99	19
47:1	30
47:10	22
47:100	12
47:11	14
47:12	136
47:15	30
47:16	114
47:17	85
47:18	469
47:19	55
47:2	11
47:21	20
47:22	12
47:23	31
47:24	77
47:25	97
47:26	100
47:27	18
47:28	570
47:29	47
47:3	131
47:30	1249
47:31	30
47:32	72
47:33	115
47:35	34
47:36	64
47:37	18
47:38	20
47:39	28
47:4	12
47:41	19
47:42	12
47:43	16
47:44	341
47:45	106
47:46	219
47:47	2350
47:48	125
47:49	20
47:5	26
47:50	86
47:52	180
47:54	32
47:55	126
47:56	61
47:57	312
47:58	400
47:6	46
47:60	24
47:61	14
47:62	27
47:63	53
47:64	11
47:66	15
47:67	14
47:68	48
47:69	12
47:7	11
47:70	14
47:71	82
47:72	14
47:73	67
47:74	22
47:75	15
47:76	176
47:77	393
47:78	164
47:79	481
47:8	206
47:80	56
47:81	48
47:82	29
47:83	819
47:84	76
47:88	28
47:89	80
47:90	128
47:91	16
47:92	11
47:93	11
47:94	13
47:95	48
47:96	30
47:97	287
47:98	16
47:99	14
48:1	63
48:10	17
48:100	19
48:11	12
48:12	48
48:14	12
48:15	25
48:16	271
48:17	137
48:18	365
48:19	34
48:2	15
48:20	11
48:21	13
48:23	104
48:24	123
48:25	56
48:26	189
48:27	48
48:28	1726
48:29	49
48:3	57
48:30	1642
48:31	27
48:32	108
48:33	399
48:35	126
48:36	57
48:37	27
48:38	29
48:39	30
48:4	13
48:40	15
48:41	20
48:42	12
48:43	20
48:44	241
48:45	111
48:46	332
48:47	125
48:48	3591
48:49	25
48:5	81
48:50	38
48:52	77
48:53	16
48:54	15
48:55	172
48:56	38
48:57	154
48:58	997
48:59	16
48:6	39
48:60	21
48:61	20
48:62	21
48:63	16
48:64	15
48:65	14
48:66	25
48:67	44
48:68	195
48:69	21
48:7	22
48:70	20
48:71	54
48:72	14
48:73	75
48:74	21
48:75	20
48:76	277
48:77	828
48:78	298
48:79	121
48:8	203
48:80	16
48:81	60
48:83	470
48:84	445
48:85	21
48:86	24
48:87	12
48:88	144
48:89	66
48:9	15
48:90	65
48:91	53
48:92	23
48:93	24
48:94	25
48:95	37
48:96	46
48:97	144
48:99	12
49:1	13
49:10	12
49:15	15
49:16	15
49:17	11
49:18	34
49:24	16
49:26	15
49:27	11
49:28	47
49:3	11
49:30	56
49:31	13
49:33	43
49:36	15
49:44	16
49:46	16
49:47	20
49:48	25
49:49	231
49:5	11
49:52	30
49:55	14
49:57	22
49:58	31
49:6	25
49:63	11
49:68	14
49:71	12
49:73	11
49:76	21
49:77	33
49:78	14
49:79	33
49:8	36
49:81	13
49:83	32
49:84	23
49:90	12
49:94	20
49:96	11
49:97	12
4:17	11
4:18	16
4:26	13
4:28	46
4:3	11
4:30	66
4:33	13
4:4	142
4:44	18
4:47	12
4:48	13
4:57	13
4:58	21
4:77	23
4:78	11
4:79	12
4:8	18
4:83	22
4:84	13
4:97	13
50:1	17
50:10	13
50:100	12
50:12	63
50:15	13
50:16	35
50:17	25
50:18	77
50:19	28
50:23	14
50:24	32
50:25	35
50:26	34
50:27	12
50:28	99
50:29	26
50:3	31
50:30	173
50:31	14
50:32	20
50:33	14
50:35	17
50:36	21
50:37	12
50:39	13
50:43	13
50:44	71
50:45	34
50:46	45
50:47	86
50:48	38
50:5	14
50:50	328
50:52	26
50:54	25
50:55	36
50:56	13
50:57	51
50:58	102
50:6	15
50:60	13
50:63	68
50:64	11
50:66	12
50:68	14
50:7	13
50:71	20
50:72	12
50:73	35
50:76	45
50:77	88
50:78	45
50:79	69
50:8	25
50:80	17
50:81	18
50:82	33
50:83	112
50:84	28
50:86	13
50:88	19
50:89	31
50:90	73
50:91	11
50:95	20
50:96	14
50:97	49
50:99	12
51:28	41
51:30	43
51:44	15
51:46	15
51:51	90
51:58	17
51:77	14
51:78	11
51:83	15
51:84	11
52:1	35
52:10	59
52:11	40
52:12	30
52:16	86
52:17	68
52:18	539
52:19	24
52:2	13
52:20	13
52:21	27
52:22	20
52:23	26
52:24	56
52:25	52
52:26	148
52:27	15
52:28	545
52:29	54
52:3	195
52:30	1914
52:31	12
52:32	53
52:33	309
52:35	24
52:36	44
52:37	22
52:38	20
52:39	25
52:40	13
52:41	11
52:42	24
52:44	293
52:45	62
52:46	149
52:47	180
52:48	77
52:49	30
52:5	60
52:50	26
52:52	5147
52:53	13
52:54	13
52:55	98
52:56	234
52:57	310
52:58	266
52:59	11
52:6	181
52:60	27
52:62	45
52:63	18
52:65	19
52:67	15
52:68	75
52:69	12
52:70	15
52:71	230
52:72	11
52:73	28
52:74	50
52:75	26
52:76	95
52:77	295
52:78	90
52:79	353
52:8	859
52:80	43
52:81	57
52:82	11
52:83	764
52:84	77
52:87	16
52:88	24
52:89	33
52:9	11
52:90	34
52:91	22
52:92	15
52:93	17
52:94	19
52:95	54
52:96	27
52:97	606
52:98	35
52:99	12
53:16	16
53:17	30
53:18	22
53:24	24
53:26	25
53:28	44
53:3	11
53:30	60
53:32	13
53:33	13
53:35	18
53:44	15
53:48	16
53:5	12
53:52	13
53:53	114
53:55	15
53:57	13
53:58	31
53:67	12
53:76	14
53:77	31
53:78	12
53:8	14
53:83	26
53:84	11
53:97	12
54:12	31
54:16	11
54:18	26
54:24	18
54:25	15
54:28	40
54:3	15
54:30	78
54:33	12
54:36	11
54:44	28
54:45	17
54:46	15
54:47	32
54:48	15
54:50	25
54:52	13
54:54	159
54:55	12
54:57	23
54:58	28
54:63	19
54:73	13
54:76	27
54:77	27
54:78	16
54:79	24
54:8	20
54:80	13
54:82	15
54:83	28
54:89	12
54:90	29
54:97	21
55:1	35
55:10	16
55:100	14
55:12	57
55:15	23
55:16	316
55:17	157
55:18	540
55:19	50
55:21	17
55:22	15
55:23	42
55:24	136
55:25	41
55:26	232
55:27	25
55:28	739
55:29	52
55:3	68
55:30	1414
55:31	23
55:32	69
55:33	113
55:35	48
55:36	58
55:37	18
55:38	15
55:39	18
55:40	14
55:41	14
55:42	12
55:43	15
55:44	416
55:45	195
55:46	347
55:47	126
55:48	172
55:49	14
55:5	39
55:50	36
55:52	98
55:53	15
55:54	12
55:55	2406
55:56	36
55:57	205
55:58	857
55:6	28
55:60	23
55:61	13
55:62	11
55:63	22
55:64	13
55:66	27
55:67	37
55:68	31
55:69	12
55:7	14
55:70	15
55:71	38
55:73	51
55:74	19
55:75	31
55:76	129
55:77	920
55:78	386
55:79	174
55:8	218
55:80	33
55:81	61
55:82	16
55:83	678
55:84	96
55:86	13
55:88	34
55:89	93
55:9	16
55:90	62
55:91	26
55:92	12
55:94	14
55:95	25
55:96	28
55:97	152
55:99	11
56:1	12
56:10	29
56:11	12
56:12	17
56:16	26
56:17	48
56:18	190
56:19	15
56:20	11
56:22	13
56:23	16
56:24	25
56:25	30
56:26	114
56:27	13
56:28	226
56:29	29
56:3	145
56:30	777
56:32	29
56:33	65
56:35	15
56:36	26
56:37	18
56:38	65
56:39	48
56:42	14
56:44	111
56:45	32
56:46	43
56:47	61
56:48	38
56:5	18
56:50	13
56:52	234
56:55	36
56:56	1833
56:57	88
56:58	121
56:6	55
56:60	24
56:62	16
56:63	12
56:65	32
56:68	35
56:7	11
56:71	55
56:72	13
56:73	13
56:74	49
56:75	12
56:76	35
56:77	117
56:78	34
56:79	112
56:8	259
56:80	16
56:81	30
56:82	12
56:83	216
56:84	36
56:87	16
56:89	20
56:90	18
56:91	14
56:93	15
56:94	11
56:95	79
56:96	16
56:97	300
56:98	15
57:1	50
57:10	29
57:100	11
57:11	21
57:12	79
57:14	12
57:15	21
57:16	211
57:17	61
57:18	1123
57:19	43
57:21	28
57:23	38
57:24	88
57:25	127
57:26	75
57:27	18
57:28	819
57:29	56
57:3	215
57:30	1678
57:31	25
57:32	51
57:33	228
57:35	36
57:36	77
57:37	31
57:38	29
57:39	34
57:4	13
57:41	17
57:42	15
57:43	14
57:44	519
57:45	158
57:46	315
57:47	312
57:48	154
57:49	22
57:5	28
57:50	51
57:52	310
57:53	13
57:54	23
57:55	205
57:56	88
57:57	3562
57:58	616
57:6	70
57:60	27
57:61	16
57:62	29
57:63	34
57:64	12
57:65	19
57:66	22
57:67	26
57:68	75
57:7	15
57:70	16
57:71	104
57:72	20
57:73	47
57:74	31
57:75	20
57:76	152
57:77	555
57:78	210
57:79	445
57:8	419
57:80	55
57:81	83
57:82	22
57:83	1045
57:84	115
57:85	11
57:86	11
57:87	15
57:88	53
57:89	58
57:9	12
57:90	76
57:91	15
57:92	11
57:93	18
57:94	11
57:95	71
57:96	27
57:97	488
57:99	16
58:1	163
58:10	32
58:100	22
58:11	12
58:12	178
58:13	24
58:14	30
58:15	54
58:16	1373
58:17	925
58:18	2227
58:19	105
58:2	17
58:20	14
58:21	43
58:22	16
58:23	141
58:24	417
58:25	174
58:26	756
58:27	74
58:28	7187
58:29	107
58:3	151
58:30	9703
58:31	59
58:32	495
58:33	961
58:35	321
58:36	177
58:37	52
58:38	67
58:39	75
58:4	21
58:40	62
58:41	36
58:42	21
58:43	27
58:44	1795
58:45	648
58:46	1583
58:47	400
58:48	997
58:49	31
58:5	155
58:50	102
58:51	17
58:52	266
58:53	31
58:54	28
58:55	857
58:56	121
58:57	616
58:58	17405
58:59	24
58:6	88
58:60	35
58:61	24
58:62	32
58:63	61
58:64	18
58:65	25
58:66	55
58:67	99
58:68	390
58:69	37
58:7	31
58:70	49
58:71	110
58:72	19
58:73	279
58:74	43
58:75	35
58:76	765
58:77	4502
58:78	1650
58:79	377
58:8	1218
58:80	46
58:81	205
58:82	38
58:83	2890
58:84	583
58:85	46
58:86	31
58:87	12
58:88	272
58:89	206
58:9	38
58:90	208
58:91	101
58:92	35
58:93	29
58:94	46
58:95	91
58:96	101
58:97	573
58:99	14
59:100	12
59:16	12
59:17	22
59:18	17
59:26	20
59:28	49
59:3	12
59:30	90
59:33	12
59:36	13
59:37	13
59:44	13
59:48	16
59:52	11
59:58	24
59:59	204
59:68	11
59:71	17
59:74	16
59:76	12
59:77	20
59:8	17
59:83	14
59:84	15
59:86	12
59:88	15
59:89	11
59:97	21
59:99	18
5:1	26
5:12	20
5:14	11
5:15	12
5:16	42
5:17	72
5:18	68
5:19	16
5:2	20
5:23	23
5:24	48
5:25	15
5:26	83
5:27	22
5:28	246
5:29	19
5:3	26
5:30	384
5:31	13
5:32	41
5:33	162
5:35	22
5:36	22
5:37	20
5:40	11
5:44	45
5:45	23
5:46	36
5:47	26
5:48	81
5:49	11
5:5	1140
5:50	14
5:52	60
5:53	12
5:55	39
5:56	18
5:57	28
5:58	155
5:6	19
5:63	12
5:66	14
5:67	19
5:68	52
5:69	68
5:7	13
5:71	22
5:73	22
5:74	14
5:76	62
5:77	135
5:78	58
5:79	40
5:8	61
5:81	24
5:83	64
5:84	40
5:88	33
5:89	23
5:9	12
5:90	19
5:91	230
5:92	109
5:93	11
5:94	14
5:96	16
5:97	31
60:10	11
60:12	15
60:16	18
60:17	11
60:18	38
60:19	13
60:23	11
60:24	16
60:26	23
60:28	54
60:29	12
60:3	26
60:30	103
60:33	14
60:36	28
60:39	12
60:44	23
60:45	14
60:46	27
60:47	24
60:48	21
60:50	13
60:52	27
60:55	23
60:56	24
60:57	27
60:58	35
60:6	21
60:60	295
60:63	11
60:66	12
60:68	12
60:71	20
60:72	12
60:76	13
60:77	30
60:78	18
60:79	28
60:8	39
60:81	13
60:83	49
60:84	17
60:87	11
60:88	12
60:89	15
60:90	15
60:95	14
60:97	54
60:99	14
61:15	17
61:16	13
61:17	13
61:18	21
61:23	13
61:24	13
61:26	18
61:28	43
61:29	11
61:30	73
61:31	19
61:35	12
61:38	17
61:39	21
61:44	19
61:45	19
61:46	27
61:47	14
61:48	20
61:55	13
61:57	16
61:58	24
61:61	147
61:76	15
61:77	34
61:78	20
61:79	14
61:8	11
61:83	37
61:84	15
61:89	13
61:94	12
61:95	23
61:97	14
62:1	21
62:10	15
62:12	17
62:15	13
62:16	16
62:18	32
62:19	11
62:25	24
62:28	49
62:3	17
62:30	123
62:33	19
62:36	16
62:37	12
62:44	27
62:45	13
62:46	21
62:47	27
62:48	21
62:52	45
62:55	11
62:56	16
62:57	29
62:58	32
62:6	12
62:62	290
62:63	11
62:68	11
62:71	30
62:73	13
62:74	11
62:76	20
62:77	36
62:78	18
62:79	37
62:8	36
62:81	23
62:83	52
62:84	15
62:89	15
62:90	20
62:94	13
62:95	12
62:96	14
62:97	30
63:1	12
63:10	14
63:12	40
63:16	22
63:17	20
63:18	45
63:19	23
63:20	12
63:24	20
63:25	18
63:26	18
63:27	12
63:28	51
63:29	15
63:3	22
63:30	95
63:32	16
63:33	17
63:36	17
63:37	13
63:44	44
63:45	15
63:46	17
63:47	53
63:48	16
63:49	11
63:5	12
63:50	68
63:52	18
63:54	19
63:55	22
63:56	12
63:57	34
63:58	61
63:6	11
63:60	11
63:62	11
63:63	184
63:68	12
63:71	15
63:73	40
63:76	34
63:77	50
63:78	17
63:79	49
63:8	21
63:80	12
63:81	12
63:82	35
63:83	61
63:84	19
63:88	11
63:89	17
63:90	39
63:95	11
63:96	14
63:97	23
64:100	12
64:16	13
64:17	20
64:18	12
64:19	11
64:24	13
64:26	24
64:28	27
64:30	48
64:41	11
64:44	14
64:45	12
64:46	11
64:47	11
64:48	15
64:50	11
64:55	13
64:57	12
64:58	18
64:64	95
64:76	12
64:77	26
64:78	17
64:8	15
64:83	26
64:84	14
64:89	20
64:90	12
65:16	11
65:17	15
65:18	22
65:24	18
65:26	12
65:28	32
65:3	13
65:30	80
65:36	11
65:38	120
65:39	87
65:44	24
65:45	24
65:46	13
65:48	14
65:52	19
65:56	32
65:57	19
65:58	25
65:6	14
65:65	258
65:76	19
65:77	24
65:8	32
65:83	53
65:84	13
65:95	72
65:97	22
66:100	15
66:12	12
66:16	30
66:17	16
66:18	20
66:19	12
66:24	17
66:26	17
66:28	42
66:29	12
66:30	50
66:33	16
66:35	16
66:36	19
66:44	17
66:45	11
66:46	20
66:47	15
66:48	25
66:5	14
66:50	12
66:55	27
66:57	22
66:58	55
66:60	12
66:66	166
66:68	11
66:7	13
66:75	11
66:76	12
66:77	45
66:78	23
66:79	15
66:8	14
66:83	27
66:84	22
66:88	17
66:89	21
66:90	11
67:1	14
67:16	63
67:17	30
67:18	55
67:19	12
67:24	45
67:26	32
67:28	109
67:29	15
67:3	13
67:30	126
67:31	12
67:32	13
67:33	29
67:35	18
67:36	12
67:41	15
67:44	33
67:45	17
67:46	32
67:47	14
67:48	44
67:5	19
67:52	15
67:53	12
67:55	37
67:57	26
67:58	99
67:6	12
67:67	289
67:68	16
67:76	16
67:77	94
67:78	37
67:79	23
67:8	27
67:83	56
67:84	27
67:88	20
67:89	17
67:9	12
67:90	12
67:97	18
68:1	30
68:10	16
68:12	18
68:14	11
68:16	115
68:17	51
68:18	176
68:19	17
68:2	12
68:20	14
68:23	33
68:24	51
68:25	33
68:26	56
68:27	28
68:28	740
68:29	25
68:3	37
68:30	723
68:31	13
68:32	52
68:33	555
68:35	50
68:36	37
68:37	25
68:38	12
68:44	78
68:45	28
68:46	55
68:47	48
68:48	195
68:49	14
68:5	52
68:50	14
68:52	75
68:55	31
68:56	35
68:57	75
68:58	390
68:59	11
68:6	44
68:60	12
68:62	11
68:63	12
68:66	11
68:67	16
68:68	2216
68:69	15
68:70	11
68:71	37
68:73	32
68:74	20
68:76	112
68:77	271
68:78	80
68:79	69
68:8	222
68:80	11
68:81	27
68:83	138
68:84	166
68:85	26
68:88	90
68:89	21
68:9	13
68:90	27
68:91	22
68:92	17
68:93	14
68:94	14
68:95	15
68:96	20
68:97	86
69:16	11
69:17	16
69:2	13
69:23	13
69:24	14
69:26	19
69:27	14
69:28	37
69:3	11
69:30	47
69:32	14
69:33	27
69:35	15
69:36	13
69:44	11
69:46	12
69:47	12
69:48	21
69:5	68
69:52	12
69:55	12
69:58	37
69:68	15
69:69	116
69:71	11
69:76	16
69:77	28
69:78	16
69:79	13
69:8	12
69:83	14
69:84	11
69:89	11
69:91	82
69:92	35
6:1	14
6:10	34
6:11	18
6:12	16
6:16	31
6:17	20
6:18	147
6:19	14
6:23	13
6:24	36
6:25	15
6:26	41
6:27	11
6:28	147
6:29	24
6:3	56
6:30	370
6:31	11
6:32	18
6:33	97
6:35	11
6:36	26
6:37	13
6:38	21
6:39	20
6:44	89
6:45	25
6:46	43
6:47	46
6:48	39
6:49	25
6:5	19
6:50	15
6:52	181
6:55	28
6:56	55
6:57	70
6:58	88
6:6	1019
6:60	21
6:62	12
6:63	11
6:65	14
6:67	12
6:68	44
6:71	56
6:74	24
6:75	17
6:76	34
6:77	98
6:78	30
6:79	96
6:8	183
6:80	18
6:81	23
6:83	180
6:84	38
6:87	13
6:88	13
6:89	19
6:9	12
6:90	14
6:93	13
6:94	12
6:95	32
6:96	21
6:97	92
70:100	12
70:16	19
70:17	14
70:18	29
70:24	11
70:26	20
70:28	75
70:3	16
70:30	126
70:33	20
70:35	12
70:36	12
70:44	18
70:45	13
70:46	17
70:47	14
70:48	20
70:52	15
70:55	15
70:57	16
70:58	49
70:68	11
70:70	343
70:71	12
70:76	17
70:77	34
70:79	13
70:8	44
70:81	14
70:83	28
70:84	13
70:88	12
70:89	12
70:90	11
70:97	28
71:1	21
71:10	34
71:100	12
71:11	28
71:12	27
71:15	12
71:16	34
71:17	26
71:18	219
71:19	24
71:2	11
71:20	13
71:21	17
71:23	18
71:24	23
71:25	48
71:26	45
71:27	17
71:28	242
71:29	36
71:3	128
71:30	712
71:31	15
71:32	31
71:33	64
71:35	21
71:36	29
71:37	16
71:38	13
71:39	16
71:41	11
71:44	151
71:45	42
71:46	48
71:47	82
71:48	54
71:49	12
71:5	22
71:50	20
71:52	230
71:55	38
71:56	55
71:57	104
71:58	110
71:59	17
71:6	56
71:60	20
71:62	30
71:63	15
71:68	37
71:69	11
71:7	11
71:70	12
71:71	1561
71:72	12
71:73	19
71:74	28
71:75	11
71:76	58
71:77	103
71:78	29
71:79	86
71:8	255
71:80	15
71:81	50
71:83	336
71:84	48
71:87	13
71:88	17
71:89	22
71:90	22
71:91	16
71:94	14
71:95	28
71:96	36
71:97	359
71:99	19
72:16	15
72:18	26
72:23	11
72:24	13
72:28	29
72:3	24
72:30	62
72:44	15
72:46	11
72:47	14
72:48	14
72:50	12
72:52	11
72:56	13
72:57	20
72:58	19
72:60	12
72:71	12
72:72	179
72:77	19
72:78	15
72:79	16
72:8	18
72:83	23
72:84	12
72:89	16
72:95	11
72:97	45
72:99	11
73:1	29
73:10	12
73:12	60
73:15	16
73:16	73
73:17	61
73:18	99
73:19	28
73:23	30
73:24	41
73:25	35
73:26	46
73:27	17
73:28	331
73:29	15
73:3	20
73:30	405
73:32	78
73:33	39
73:35	36
73:36	26
73:37	14
73:44	105
73:45	37
73:46	59
73:47	67
73:48	75
73:49	11
73:5	22
73:50	35
73:52	28
73:54	13
73:55	51
73:56	13
73:57	47
73:58	279
73:62	13
73:63	40
73:68	32
73:71	19
73:73	747
73:76	128
73:77	190
73:78	71
73:79	74
73:8	60
73:80	16
73:81	24
73:82	27
73:83	172
73:84	39
73:88	18
73:89	17
73:90	75
73:91	15
73:96	19
73:97	40
74:10	16
74:16	25
74:17	25
74:18	46
74:24	14
74:25	13
74:26	30
74:28	69
74:3	35
74:30	172
74:33	34
74:36	14
74:37	18
74:44	34
74:45	12
74:46	12
74:47	22
74:48	21
74:5	14
74:52	50
74:55	19
74:56	49
74:57	31
74:58	43
74:59	16
74:6	24
74:62	11
74:68	20
74:71	28
74:74	388
74:76	11
74:77	48
74:78	14
74:79	49
74:8	77
74:80	12
74:81	11
74:83	56
74:84	19
74:86	12
74:88	13
74:89	13
74:93	16
74:96	11
74:97	74
74:99	11
75:16	15
75:18	36
75:24	17
75:26	18
75:28	44
75:29	11
75:3	17
75:30	122
75:33	18
75:35	14
75:36	16
75:44	45
75:45	27
75:46	22
75:47	15
75:48	20
75:52	26
75:55	31
75:56	12
75:57	20
75:58	35
75:6	17
75:66	11
75:71	11
75:75	219
75:76	11
75:77	39
75:78	24
75:79	18
75:8	22
75:80	11
75:83	60
75:84	17
75:89	15
75:90	12
75:95	15
75:97	30
76:1	47
76:10	20
76:12	99
76:14	17
76:15	25
76:16	143
76:17	134
76:18	394
76:19	33
76:2	12
76:20	13
76:21	14
76:23	92
76:24	106
76:25	101
76:26	130
76:27	56
76:28	1238
76:29	41
76:3	66
76:30	1816
76:31	19
76:32	223
76:33	279
76:35	79
76:36	62
76:37	17
76:38	36
76:39	30
76:40	18
76:43	12
76:44	394
76:45	170
76:46	210
76:47	176
76:48	277
76:49	21
76:5	62
76:50	45
76:52	95
76:53	14
76:54	27
76:55	129
76:56	35
76:57	152
76:58	765
76:59	12
76:6	34
76:60	13
76:61	15
76:62	20
76:63	34
76:64	12
76:65	19
76:66	12
76:67	16
76:68	112
76:69	16
76:7	12
76:70	17
76:71	58
76:73	128
76:74	11
76:75	11
76:76	2954
76:77	584
76:78	205
76:79	150
76:8	231
76:80	20
76:81	64
76:82	17
76:83	691
76:84	146
76:85	12
76:88	42
76:89	39
76:9	13
76:90	104
76:91	45
76:92	23
76:94	17
76:95	32
76:96	29
76:97	192
77:1	132
77:10	26
77:100	27
77:11	16
77:12	140
77:13	15
77:14	21
77:15	49
77:16	1111
77:17	729
77:18	1742
77:19	93
77:2	24
77:20	21
77:21	37
77:22	25
77:23	143
77:24	458
77:25	105
77:26	780
77:27	71
77:28	5053
77:29	86
77:3	156
77:30	7455
77:31	59
77:32	311
77:33	774
77:34	13
77:35	244
77:36	107
77:37	45
77:38	73
77:39	80
77:4	23
77:40	42
77:41	40
77:42	17
77:43	34
77:44	1494
77:45	585
77:46	1408
77:47	393
77:48	828
77:49	33
77:5	135
77:50	88
77:51	14
77:52	295
77:53	31
77:54	27
77:55	920
77:56	117
77:57	555
77:58	4502
77:59	20
77:6	98
77:60	30
77:61	34
77:62	36
77:63	50
77:64	26
77:65	24
77:66	45
77:67	94
77:68	271
77:69	28
77:7	29
77:70	34
77:71	103
77:72	19
77:73	190
77:74	48
77:75	39
77:76	584
77:77	13598
77:78	1441
77:79	405
77:8	869
77:80	42
77:81	182
77:82	28
77:83	2577
77:84	535
77:85	26
77:86	42
77:87	15
77:88	175
77:89	235
77:9	28
77:90	160
77:91	86
77:92	35
77:93	27
77:94	51
77:95	90
77:96	87
77:97	432
77:99	19
78:1	45
78:10	12
78:100	17
78:12	71
78:15	27
78:16	369
78:17	190
78:18	611
78:19	40
78:21	18
78:23	61
78:24	154
78:25	35
78:26	254
78:27	20
78:28	1870
78:29	48
78:3	69
78:30	2643
78:31	36
78:32	92
78:33	224
78:35	97
78:36	43
78:37	13
78:38	16
78:39	27
78:4	11
78:40	20
78:41	23
78:42	12
78:43	23
78:44	571
78:45	290
78:46	1624
78:47	164
78:48	298
78:49	14
78:5	58
78:50	45
78:51	11
78:52	90
78:53	12
78:54	16
78:55	386
78:56	34
78:57	210
78:58	1650
78:6	30
78:60	18
78:61	20
78:62	18
78:63	17
78:64	17
78:66	23
78:67	37
78:68	80
78:69	16
78:7	20
78:71	29
78:72	15
78:73	71
78:74	14
78:75	24
78:76	205
78:77	1441
78:78	4850
78:79	170
78:8	263
78:80	19
78:81	88
78:83	1045
78:84	268
78:85	11
78:86	18
78:88	46
78:89	110
78:9	15
78:90	74
78:91	36
78:92	13
78:94	26
78:95	32
78:96	37
78:97	154
79:1	33
79:10	34
79:100	13
79:11	16
79:12	107
79:15	17
79:16	148
79:17	64
79:18	588
79:19	34
79:2	11
79:21	17
79:22	12
79:23	26
79:24	94
79:25	87
79:26	109
79:27	16
79:28	547
79:29	42
79:3	189
79:30	1286
79:31	19
79:32	55
79:33	266
79:35	19
79:36	42
79:37	22
79:38	12
79:39	15
79:4	12
79:41	14
79:44	282
79:45	63
79:46	218
79:47	481
79:48	121
79:49	33
79:5	40
79:50	69
79:52	353
79:54	24
79:55	174
79:56	112
79:57	445
79:58	377
79:6	96
79:60	28
79:61	14
79:62	37
79:63	49
79:66	15
79:67	23
79:68	69
79:69	13
79:7	15
79:70	13
79:71	86
79:72	16
79:73	74
79:74	49
79:75	18
79:76	150
79:77	405
79:78	170
79:79	3397
79:8	338
79:80	80
79:81	70
79:82	32
79:83	723
79:84	94
79:87	15
79:88	27
79:89	53
79:9	15
79:90	108
79:91	17
79:92	15
79:93	23
79:94	14
79:95	40
79:96	20
79:97	330
79:98	16
79:99	12
7:100	13
7:16	22
7:17	13
7:18	16
7:19	14
7:23	11
7:24	14
7:26	15
7:28	23
7:29	13
7:3	11
